Query :"xxx swim jann"
<doc#> <similarity score>
36 0.99
97 0.99
217 0.99
665 0.99
1529 0.99
1916 0.93
1935 0.94
1938 0.95
3535 0.99
3684 0.99
3690 0.99
3693 0.99
4096 0.95
4676 0.94
5031 0.99
5227 0.99
5820 0.97
6445 0.92
6489 0.89
6651 0.9
7147 0.9
7880 0.9
7965 0.9
9358 0.99
9782 0.99
10257 0.96
11227 0.99
11236 0.99
11241 0.99
11250 0.99
11255 0.95
11260 0.99
11266 0.99
11271 0.99
11275 0.99
11278 0.92
11287 0.99
11297 0.99
11302 0.99
11307 0.99
11310 0.99
11315 0.99
11319 0.99
11322 0.99
11333 0.96
11343 0.96
11360 0.99
11366 0.99
11369 0.99
11378 0.99
11381 0.99
11388 0.99
11394 0.94
11399 0.99
11404 0.99
11411 0.99
11415 0.93
11423 0.99
11433 0.96
11436 0.99
11447 0.99
11452 0.99
11458 0.99
11464 0.99
11469 0.99
11473 0.97
11481 0.99
11485 0.99
11499 0.99
11503 0.99
11513 0.99
11517 0.99
11520 0.95
11525 0.99
11530 0.99
11536 0.99
11541 0.99
11548 0.99
11552 0.99
11559 0.99
11563 0.99
11568 0.99
11574 0.99
11577 0.99
11581 0.99
11591 0.99
11595 0.99
11605 0.99
11613 0.99
11621 0.99
11626 0.99
11634 0.99
11643 0.99
11654 0.99
11659 0.99
11663 0.99
11673 0.99
11677 0.99
11685 0.99
11689 0.99
11694 0.99
11697 0.99
11702 0.99
11707 0.99
11711 0.99
11715 0.99
11722 0.99
11726 0.97
11735 0.99
11739 0.99
11746 0.99
11754 0.99
11759 0.99
11764 0.99
11767 0.99
11771 0.99
11776 0.99
11785 0.99
11789 0.99
11793 0.99
11801 0.99
11807 0.99
11814 0.99
11819 0.99
11825 0.99
11836 0.99
11842 0.99
11851 0.99
11857 0.99
11862 0.99
11866 0.99
11872 0.99
11880 0.99
11885 0.99
11889 0.99
11893 0.99
11899 0.99
11907 0.99
11914 0.99
11921 0.99
11931 0.99
11936 0.99
11944 0.99
11949 0.99
11953 0.99
11962 0.99
11968 0.99
11974 0.99
11979 0.99
11989 0.99
11993 0.99
11998 0.99
12007 0.99
12014 0.99
12022 0.99
12030 0.99
12037 0.99
12048 0.99
12055 0.99
12068 0.99
12074 0.99
12080 0.99
12089 0.99
12094 0.99
12098 0.99
12105 0.99
12116 0.99
12119 0.99
12126 0.99
12133 0.99
12140 0.99
12149 0.99
12155 0.99
12162 0.99
12167 0.99
12175 0.99
12182 0.99
12193 0.99
12198 0.99
12201 0.99
12209 0.99
12213 0.99
12217 0.99
12221 0.99
12225 0.99
12232 0.99
12239 0.99
12244 0.99
12252 0.99
12270 0.99
12275 0.99
12279 0.97
12284 0.99
12293 0.99
12300 0.99
12311 0.99
12317 0.99
12322 0.99
12327 0.97
12331 0.99
12334 0.99
12343 0.99
12346 0.99
12352 0.99
12360 0.99
12366 0.99
12372 0.99
12376 0.99
12380 0.99
12383 0.99
12386 0.99
12399 0.99
12407 0.99
12419 0.99
12431 0.99
12435 0.99
12443 0.99
12449 0.99
12453 0.99
12463 0.99
12471 0.99
12477 0.99
12486 0.99
12491 0.99
12494 0.99
12499 0.99
12509 0.99
12516 0.99
12523 0.97
12528 0.99
12533 0.99
12540 0.99
12545 0.99
12550 0.99
12556 0.99
12560 0.99
12566 0.99
12574 0.99
12584 0.99
12588 0.99
12594 0.99
12599 0.99
12603 0.99
12607 0.99
12613 0.99
12621 0.99
12628 0.99
12633 0.99
12638 0.99
12646 0.99
12655 0.99
12664 0.99
12670 0.99
12675 0.99
12683 0.99
12686 0.99
12690 0.99
12694 0.99
12702 0.99
12709 0.99
12716 0.99
12720 0.99
12724 0.99
12730 0.99
12738 0.99
12746 0.99
12750 0.99
12753 0.99
12762 0.99
12769 0.97
12777 0.99
12780 0.99
12783 0.99
12790 0.99
12797 0.97
12800 0.99
12811 0.99
12817 0.99
12821 0.99
12826 0.99
12832 0.99
12836 0.99
12845 0.99
12851 0.99
12857 0.99
12862 0.99
12868 0.99
12881 0.99
12886 0.99
12892 0.99
12902 0.99
12906 0.99
12912 0.99
12919 0.99
12922 0.99
12928 0.99
12933 0.99
12938 0.99
12944 0.99
12948 0.99
12955 0.99
12958 0.99
12962 0.99
12965 0.99
12974 0.99
12979 0.99
12982 0.99
12986 0.99
13004 0.99
13012 0.99
13023 0.99
13032 0.99
13035 0.99
13047 0.99
13069 0.99
13080 0.99
13088 0.99
13091 0.99
13094 0.99
13099 0.99
13105 0.99
13116 0.99
13119 0.99
13128 0.99
13133 0.99
13138 0.99
13141 0.99
13144 0.99
13148 0.99
13151 0.99
13157 0.99
13160 0.99
13166 0.99
13178 0.99
13185 0.99
13190 0.99
13195 0.99
13201 0.99
13204 0.99
13216 0.99
13224 0.99
13231 0.99
13234 0.99
13240 0.99
13244 0.99
13253 0.99
13259 0.99
13263 0.99
13267 0.99
13279 0.99
13282 0.99
13287 0.99
13298 0.99
13305 0.99
13312 0.99
13317 0.99
13323 0.99
13329 0.99
13334 0.99
13341 0.99
13349 0.99
13353 0.99
13366 0.99
13372 0.99
13377 0.99
13384 0.99
13399 0.99
13402 0.99
13408 0.99
13411 0.99
13417 0.99
13424 0.99
13431 0.99
13437 0.99
13445 0.99
13451 0.99
13462 0.99
13470 0.99
13478 0.99
13482 0.99
13490 0.99
13495 0.99
13501 0.99
13505 0.99
13510 0.99
13518 0.99
13524 0.99
13529 0.99
13537 0.99
13546 0.99
13552 0.99
13559 0.99
13562 0.99
13572 0.99
13576 0.99
13584 0.99
13592 0.99
13601 0.99
13605 0.99
13613 0.99
13619 0.99
13627 0.99
13632 0.99
13638 0.99
13643 0.99
13648 0.99
13651 0.99
13657 0.99
13665 0.99
13669 0.96
13675 0.99
13678 0.99
13687 0.99
13694 0.99
13697 0.99
13710 0.99
13719 0.99
13727 0.99
13735 0.99
13746 0.99
13751 0.99
13756 0.99
13762 0.99
13767 0.99
13775 0.99
13780 0.99
13790 0.99
13793 0.99
13797 0.99
13800 0.99
13808 0.99
13812 0.99
13816 0.99
13824 0.97
13832 0.99
13835 0.99
13839 0.99
13843 0.99
13848 0.99
13858 0.99
13869 0.99
13878 0.99
13885 0.99
13890 0.99
13897 0.99
13904 0.99
13907 0.99
13915 0.99
13921 0.99
13931 0.99
13937 0.99
13941 0.99
13949 0.99
13955 0.99
13959 0.99
13964 0.99
13971 0.99
13985 0.99
13998 0.99
14010 0.99
14015 0.99
14025 0.99
14037 0.99
14050 0.99
14056 0.99
14061 0.99
14067 0.99
14078 0.99
14081 0.99
14085 0.99
14092 0.99
14107 0.99
14114 0.99
14123 0.99
14133 0.99
14137 0.99
14143 0.99
14148 0.99
14157 0.99
14163 0.99
14171 0.99
14175 0.99
14183 0.99
14187 0.97
14196 0.99
14200 0.99
513 0.99
1093 0.99
1751 0.99
2739 0.99
3173 0.99
3260 0.99
3688 0.99
4919 0.99
5451 0.99
6032 0.99
6121 0.99
6124 0.99
6299 0.99
6591 0.99
6887 0.99
8543 0.99
9258 0.99
10093 0.99
10615 0.99
13796 0.99
